Mixture	Fibroblasts	Endothelial.cells	Epithelial.cells	B.cells	CD4.T.cells	CD8.T.cells	Dendritic.cells	Mast.cells	Monocytes.and.Macrophages	NK.cells	PCs	PMNs
TCGA.05.4249.01A.01R.1107.07	0.0401628934468682	0.0149827824879092	0.705434400093188	0.00722960294599167	0.0321619523843102	0.00961840514350832	0.0402712139632776	0.0377395869356766	0.0849832105432929	0.00385836164875381	0.0200049422993814	0.00355264810784224
TCGA.05.4397.01A.01R.1206.07	0.0226736876378864	0.00918566916515591	0.634792415956162	0.00865856474398528	0.0358635733977307	0.0187849022007036	0.0171861995040649	0.0105981340477997	0.209400833512602	0.0126613042740124	0.0155557547382036	0.00463896082169336
TCGA.05.4398.01A.01R.1206.07	0.0715101861352869	0.0122823746004554	0.404157988031633	0.00873224041390086	0.115553975525799	0.0319221661229629	0.0172269633008204	0.00979928573135498	0.252496126957571	0.013547284919731	0.0576826803489188	0.0050887279115647
TCGA.05.4410.01A.21R.1858.07	0.0362479844544217	0.00918483504773773	0.638021126533203	0.0107935375149593	0.0499277754870197	0.042050614653473	0.00139605107581641	0.00648467697722528	0.112400341462375	0.00856874170645859	0.0832274998970257	0.00169681519028544
TCGA.05.5425.01A.02R.1628.07	0.025960081819182	0.0160369160227691	0.58206765650267	0.0100444336797072	0.0686607483236819	0.0553257188416408	0.00959880409019652	0.00783844532325113	0.174089900982559	0.0121159925992691	0.0305794285663758	0.00768187324869764
TCGA.18.3406.01A.01R.0980.07	0.0947807964677298	0.0274131064902936	0.433307534514066	0.00338701896551097	0.0812059394802882	0.0398713363527234	0.0116918452561089	0.00965344540159314	0.173744672110181	0.00659631427600215	0.107120675628366	0.0112273150571378
TCGA.18.3410.01A.01R.0980.07	0.0504389836931888	0.0115705252859377	0.399554463439285	0.00302418709950843	0.136121239071647	0.102899176309251	0.00344635898978426	0.0138636959958351	0.218265398257665	0.0113596439400978	0.0450421803908664	0.00441414752693282
TCGA.18.3411.01A.01R.0980.07	0.085200746513689	0.0135958905924112	0.515556169309713	0.00535323489068158	0.0630191401849897	0.0238349853065116	0.0171855187081679	0.0213924343192514	0.186121722251316	0.0170483748002706	0.050100659633418	0.00159112348958012
TCGA.18.3417.01A.01R.1443.07	0.3498927120109	0.0129326768141707	0.429847594441463	0.00423978428403951	0.0281888684049903	0.0141758879209634	0.00348491381206048	0.0116395182492315	0.116256264073926	0.00383972863989852	0.0249886781382383	0.000513373210118343
TCGA.21.1076.01A.01R.0692.07	0.119302065558515	0.0188654381207964	0.378178749351327	0.0196275841850627	0.0650507224671796	0.029058226501856	0.00575822631637376	0.0226604535405448	0.305621236855268	0.00580551559711931	0.0268305767042097	0.00324120480174787
TCGA.21.5786.01A.01R.1635.07	0.252743250621841	0.0194206204910337	0.538014439044143	0.00290359142896952	0.0251822626940093	0.0171120713095307	0.000322819563292783	0.00463201252777358	0.0829401047220916	0.00572838154384736	0.0497860471876709	0.00121439886579628
TCGA.22.1016.01A.01R.0692.07	0.115443766184302	0.0485063766571175	0.457902873724336	0.00580602920551494	0.0590060476998574	0.0144609917291978	0.0179241142163692	0.0208391544842594	0.213360236780417	0.0159260372493524	0.0149954993638718	0.015828872705405
TCGA.22.4591.01A.01R.1201.07	0.0174555128342931	0.0126767320487155	0.856335369555287	0.00325318354163954	0.0165749323273256	0.0121313763033283	0.00469677743103164	0.00534351344445685	0.0577556860910695	0.00397148004079505	0.00927440287813232	0.000531033503925555
TCGA.22.4593.11A.01R.1820.07	0.0529928404861564	0.0876293544368823	0.272095849560889	0.00703107603357256	0.0947157331882853	0.0409915820526986	0.0251272530116568	0.0251946575262941	0.336379546903114	0.00910457519033108	0.0197954314681609	0.028942100141959
TCGA.22.4595.01A.01R.1201.07	0.201262588353862	0.0027794137254102	0.49925491035914	0.00309377243972355	0.0494574785115062	0.0243652059220408	0.00237670289738625	0.00837071305101495	0.144947747856311	0.0146475947145965	0.0394208280072918	0.0100230441617171
TCGA.22.4596.01A.01R.1201.07	0.112806198907352	0.0232490335401204	0.418366271517704	0.0121124146859701	0.114669213656812	0.0229538941628272	0.0370341875379373	0.0240325611642568	0.1939804348288	0.00971029925330274	0.0276007091737781	0.0034847815711402
TCGA.22.4613.01A.01R.1443.07	0.049081158928258	0.0085088439233275	0.536791612144161	0.0125325104001449	0.0731941499529278	0.0415807870280047	0.00714534050611974	0.00316944092715221	0.193389449950734	0.0118287825993955	0.0588831740372688	0.00389474960250526
TCGA.22.5471.01A.01R.1635.07	0.101290490119707	0.014689333821274	0.529623469724178	0.00474495105726254	0.0453628879744834	0.097959389075653	0.00985414953739426	0.00749226903105688	0.137097066942005	0.0301263931404242	0.0214829793429943	0.000276620233567969
TCGA.22.5473.01A.01R.1635.07	0.0884569628426361	0.0069571348026131	0.787799400197731	0.00563009217362806	0.0125104981519572	0.012130102540718	0.00322569761015874	0.00561360005296461	0.0625408652188966	0.0037753500361401	0.0107833650981957	0.000576931274361032
TCGA.22.5478.11A.11R.1635.07	0.0138155068436862	0.101982655825191	0.312251811141217	0.00367416469432559	0.115561628941819	0.0316889548650971	0.0150315631307824	0.0228508711852453	0.316210042233108	0.0481296043044368	0.00665714720651623	0.0121460496285756
TCGA.22.5481.11A.01R.1949.07	0.0171460444719418	0.0908888178925272	0.455744482426996	0.00281825255004464	0.085174573272953	0.0455201816371318	0.00410382284776302	0.0537295416099748	0.195123311528313	0.0279065889032168	0.0204402727790274	0.00140411008011111
TCGA.22.5483.01A.01R.1820.07	0.169316927479879	0.0128360792236481	0.516927007201488	0.00406281998302563	0.0390687447705919	0.023647162608229	0	0.00366261529452562	0.196513335037826	0.00690685545201808	0.0255707573604097	0.00148769558835912
TCGA.22.5489.01A.01R.1635.07	0.162618200642665	0.0412985436683707	0.351810185929372	0.015019789461782	0.0855935140273817	0.037450891038813	0.00282185784795462	0.00625819019601636	0.218930817789781	0.0146575217059687	0.0628001045021834	0.000740383189711889
TCGA.33.4533.01A.01R.1201.07	0.269991993934421	0.0147878010386468	0.523376633593776	0.00925939373297269	0.0338008294840582	0.0196411107796597	0.0215288503642211	0.00900887632865685	0.0771642674953194	0.0032552209868863	0.0174817696509596	0.000703252610423174
TCGA.33.4547.01A.01R.1201.07	0.169620075542594	0.00538996083820518	0.6319278666944	0.00261968213784301	0.0309646834955682	0.00697806744847232	0.0135672218306489	0.0192582559303302	0.0753347904608511	0.00731469298591565	0.0327565325807071	0.00426817005446489
TCGA.33.4566.01A.01R.1443.07	0.0630715802477764	0.0189874350652141	0.528117338022729	0.00473920858989081	0.0512366148225828	0.0659622800245376	0.00874902351687298	0.00950886593222126	0.201026529131181	0.0284616593496566	0.0178149435647064	0.00232452173263088
TCGA.33.4586.01A.01R.1443.07	0.107463234158566	0.0107104957734676	0.763466496194575	0.00139331656774979	0.0192433095926604	0.00587461632323924	0.0122193292415013	0.00548236556760271	0.0585596120509989	0.00655871564655023	0.00880983122873738	0.000218677654351138
TCGA.33.6738.01A.11R.1949.07	0.0296407118694983	0.0166597428002082	0.822322068120039	0.00885018663448106	0.0246228288388997	0.0125886504647963	0.00198664266773198	0.00392341395721492	0.0531521595928953	0.00173331303533239	0.0245202820189023	0
TCGA.34.5239.01A.21R.1820.07	0.25853373416984	0.0248506295655808	0.290943724982608	0.00432275235326732	0.0762846652462638	0.0705535975059983	0.0147577829051574	0.0350122589313278	0.169454100251621	0.0226505977433617	0.0306554449343827	0.00198071141059049
TCGA.34.5240.01A.01R.1443.07	0.070216588285333	0.0154989529051986	0.631177321678119	0.00530318750307868	0.0399265570495675	0.0293747148490939	0.00443883185751412	0.0165635772394579	0.162166872811633	0.000364364154194544	0.0224347224295096	0.0025343092372998
TCGA.34.5241.01A.01R.1443.07	0.119300508479922	0.0361874388638788	0.449701941792822	0.0138776744275566	0.0895583756357209	0.0432693075901864	0.0271376663307678	0.0315831272648921	0.149008759411686	0.0152543895153789	0.0144198444368949	0.0107009662502938
TCGA.34.8456.01A.21R.2326.07	0.0721193187812136	0.0553206092103818	0.619092928547826	0.0113468777118731	0.04218406504785	0.0209763683660794	0.00455428528027207	0.00828914510956425	0.115541058728453	0.0110741279129798	0.0391700061543303	0.00033120914917725
TCGA.35.4122.01A.01R.1107.07	0.034418309969468	0.0117329258368561	0.519881821774933	0.00445422043297047	0.0537492865544542	0.0486115986996769	0.0198392682538908	0.0109018407736809	0.212692104908624	0.0184650438839639	0.0605668919162782	0.00468668699520368
TCGA.37.4132.01A.01R.1100.07	0.0466957023509035	0.0186329504943502	0.455371380902377	0.00813253164685061	0.090132028722828	0.0675708756332004	0.0107018141630478	0.00939459545830837	0.163756380666061	0.026410457487418	0.101424015769344	0.00177726670531165
TCGA.37.4133.01A.01R.1100.07	0.0186872249168143	0.00309779683543877	0.770972509613171	0.00456402743526751	0.0358405049241839	0.0197224693934179	0.00939355734297067	0.00484245412658629	0.0728418371578459	0.00694038383395121	0.04953145708741	0.00356577733294301
TCGA.37.5819.01A.01R.1635.07	0.102411304943888	0.0194925099527571	0.596124996937199	0.0018187733444314	0.040271424712406	0.0490319493873023	0.000558701719328378	0.00210563296709587	0.0893747058620752	0.0125099624255069	0.08584340280315	0.000456634944860158
TCGA.37.A5EL.01A.11R.A26W.07	0.0254920083272279	0.00253702766192612	0.935344975081994	0.000835812125892765	0.00349993813080744	0.00772641509911309	0.00572233099165588	0.00145119670562466	0.0101656669022456	0.00520224634520606	0.00202238262830613	0
TCGA.37.A5EM.01A.21R.A27Q.07	0.290571377381297	0.00828095512149152	0.377393306667568	0.00405284369526281	0.0529186025514182	0.0366823259020119	0.0211739395342799	0.0114328852686938	0.174150968277468	0.00802422811357471	0.0153185674869341	0
TCGA.37.A5EN.01A.21R.A26W.07	0.0493936211599367	0.0115170318710607	0.721652732554936	0.0137855732027405	0.0362121927336658	0.0282416349400928	0.0073797677260762	0.0104827148318544	0.0909453481079652	0.00689333316889432	0.0234960497027778	0
TCGA.38.4625.11A.01R.1758.07	0.00848671481397405	0.0762735489961798	0.396487440099228	0.00164665077109335	0.0527269445755181	0.0219412329723383	0.0196267294183588	0.0494012152394466	0.336100771141541	0.0141465292251451	0.012531911168079	0.0106303115790977
TCGA.38.4628.01A.01R.1206.07	0.0920014215054432	0.0078304302402695	0.5686193580154	0.00347596333725361	0.0335614946587878	0.0174437850992938	0.0200927705979759	0.0311569292789216	0.204085065667021	0.00691476973315851	0.0110379268070934	0.003780085059382
TCGA.38.4629.01A.02R.1206.07	0.129681605362547	0.0200382495739776	0.322285285203223	0.00581231195498307	0.0651822985965064	0.0632782586147156	0.00532817755191285	0.00969008426668369	0.311969955335742	0.0200120445716678	0.03587370102048	0.0108480279475614
TCGA.38.4631.01A.01R.1755.07	0.0313329548300985	0.00423942959839779	0.727082467099111	0.016534494197198	0.0278354994753682	0.0251869612271846	0.00527862528165277	0.00563958165751656	0.0891730452486458	0.00913693245762776	0.0490625253656816	0.00949748356151745
TCGA.38.7271.01A.11R.2039.07	0.0528493121708892	0.0551789848205697	0.408845667842391	0.08105452332573	0.0901299607526347	0.0714049449318119	0.0113427428323805	0.0183185922638509	0.171463879073948	0.0150074658076918	0.0244039261781031	0
TCGA.38.A44F.01A.11R.A24H.07	0.044915771692366	0.0351839413677018	0.583530499903699	0.0231268201396513	0.0607424544976281	0.0254926218735287	0.0128204479014708	0.0262972083989255	0.12699084183416	0.0165503777328578	0.0438435795983493	0.000505435059661931
TCGA.39.5011.01A.01R.1443.07	0.0377302643989283	0.0150721323984691	0.400646597986879	0.0101971468031357	0.0946880787301173	0.0709279260206507	0.00943582979832821	0.00572115230305343	0.285607295685371	0.0321644165952545	0.0346979244896731	0.00311123479013922
TCGA.39.5021.01A.01R.1443.07	0.103289637917325	0.0171988513270592	0.489258749339062	0.00159133557664505	0.0738140503163996	0.0481453836167691	0.00676010394289002	0.00791787573523102	0.163312163642544	0.014116300060384	0.0742620075063116	0.000333541019380273
TCGA.39.5035.01A.01R.1443.07	0.0752060592916734	0.0151881105772405	0.485549845214732	0.00195867453471858	0.0679141758272949	0.10010600575439	0.0107351313731926	0.0101737196224719	0.136668574167324	0.0279554883922764	0.0672109135368323	0.00133330170785347
TCGA.43.3394.11A.01R.1758.07	0.0247966025544575	0.089580479333897	0.389154196394914	0.00199585163535003	0.0488877543811807	0.0356732320541978	0.0244481185846561	0.0452265655903592	0.290785210902033	0.0267885391395222	0.00928218006781975	0.0133812693616134
TCGA.43.5670.01A.21R.2125.07	0.0775484232390964	0.0025786788942031	0.890685600690564	0.000282902633192976	0.0041548283931951	0.000651653528591548	0.00418092671011354	0.00468803157091863	0.0128545368828739	0.0007260341315085	0.000694779505096693	0.000953603820645594
TCGA.43.6647.11A.01R.1820.07	0.02895028728216	0.141673394055698	0.363219932372961	0.00492439338266566	0.0519096562616416	0.0389752515122012	0.0286324141949043	0.0320152499163583	0.211785572452215	0.0416788726763899	0.0254574779410309	0.0307774979517737
TCGA.43.7658.01A.11R.2125.07	0.0152047197711813	0.00226255772370138	0.638993225194609	0.00451972582807995	0.0449522707811731	0.112512528645818	0.00401998701051163	0.00757723661440658	0.131510079263614	0.0295944912533634	0.00885317791354268	0
TCGA.43.A475.01A.11R.A24H.07	0.0261539377035196	0.0115649378768922	0.321866621401988	0.00710839540486534	0.114051107234772	0.15815127858922	0.00830961875312102	0.0102470920956735	0.267740198495143	0.0407763497297549	0.0325051104003546	0.0015253523146947
TCGA.43.A56V.01A.11R.A26W.07	0.0684896123252886	0.00089647039651273	0.814983906504632	0.00748747600678486	0.0143467632593029	0.00697188049810935	0.00437553989711487	0.00747337965193391	0.0476717543106325	0.00316398737542677	0.0202724777900187	0.00386675198424299
TCGA.44.3396.01A.01R.1206.07	0.147253199045352	0.0115311329423546	0.40321922349574	0.00355332942793367	0.0739815035538122	0.0391696298833736	0.00935030348436255	0.0149903477434877	0.214547683950837	0.00556076945100894	0.0652120333237555	0.0116308436979825
TCGA.44.4112.01A.01R.1107.07	0.0851698973340031	0.0202275375432379	0.562546357301599	0.00266594892135146	0.0525907905837052	0.0304884536080554	0.0155912515284485	0.0184308753370171	0.156864038898477	0.00682831002431853	0.0442303056895979	0.00436623323018889
TCGA.44.5645.01A.01R.1628.07	0.029282638006307	0.0310548792117813	0.59388902587324	0.0304938891534881	0.0977687156108535	0.0180189455637745	0.0371913481675302	0.0294450260039185	0.11475247222728	0.00211548424165609	0.0151413820517343	0.000846193888436858
TCGA.44.5645.11A.01R.1628.07	0.0250513894397853	0.139520727920487	0.384845700460634	0.00709908566556327	0.0806435932090291	0.0276722407804723	0.0124000612038349	0.0467841319384669	0.21407608938622	0.043639306801309	0.0139116180645552	0.00435605512964275
TCGA.44.6775.01A.11R.1858.07	0.22427186952803	0.00716997200349436	0.317838634073286	0.00349156455970096	0.0590287107448359	0.0174924176181692	0.0339356926135289	0.030820620383278	0.260473375792158	0.00818128660320446	0.0342331393852885	0.00306271669502623
TCGA.44.6776.11A.01R.1858.07	0.0156534036222872	0.152315212696894	0.556555253017911	0.00494773675080344	0.0439960341788474	0.0236668641682213	0.0196435676659688	0.0201878966571402	0.131704048476517	0.0297849290969836	0.00154505366842586	0
TCGA.44.6777.11A.01R.1858.07	0.0388934782550916	0.104786649645166	0.334929505839098	0.00697609852807338	0.0862855712876888	0.0452643936312212	0.0178407001094779	0.0473823909077619	0.250410577055495	0.0326267690491432	0.0294879464624709	0.0051159192293126
TCGA.44.6778.11A.01R.1858.07	0.0209574353027333	0.189067326309343	0.292699467162877	0.00609637551805612	0.0956883363278819	0.0344191734048899	0.021286628602396	0.0755129348647213	0.20340423322395	0.0227750195466739	0.00737255836684807	0.0307205113696299
TCGA.44.7659.01A.11R.2066.07	0.0174966918185273	0.00458735119878522	0.821440042966745	0.0107961020829061	0.0270361497248624	0.0127341351087538	0.0079248846464424	0.0124876883692906	0.0601708610803955	0.00604093789519088	0.0192851551081013	0
TCGA.44.7671.01A.11R.2066.07	0.0707720688489208	0.0243240114118048	0.831797420941211	0.00125953537724645	0.0102543537358444	0.00413027484023093	0.00562579628169383	0.0060132082770457	0.0348395684276858	0.00244417960445384	0.00798239005348779	0.000557192200374931
TCGA.44.8120.01A.11R.2241.07	0.122719385727799	0.0403730997474297	0.588276881469312	0.0075972329443286	0.0435187668934287	0.0149652455700715	0.0181210982565827	0.0211350996311821	0.108040901429951	0.00533506146079897	0.0278739742377979	0.00204325263131789
TCGA.46.3766.01A.01R.0980.07	0.192559950728795	0.0379431899167342	0.390576111979494	0.0110000027787102	0.0624707234245804	0.0333343011941856	0.0265133107915481	0.0430844944489245	0.12884868880045	0.00904581533840368	0.0624571061163445	0.00216630448182994
TCGA.46.3767.01A.01R.0980.07	0.277784374604571	0.0300420659914151	0.41422232499586	0.0108262759970465	0.0671966572752973	0.0198572083422084	0.0172143050874434	0.0252301847179247	0.0960981661623274	0.00121894904401478	0.0357893282592888	0.00452015952260243
TCGA.49.4514.01A.21R.1858.07	0.027186597580423	0.00922605744889142	0.806820160051395	0.00928995220938193	0.0334636152863865	0.0248898332220581	0.00595149463441772	0.00341241247339625	0.0510593808496882	0.00956275935726693	0.0187981308042585	0.000339606082436623
TCGA.49.AARO.01A.12R.A41B.07	0.12730584498623	0.0165512869424332	0.481342537425106	0.0308704288322213	0.0595230109212887	0.0288465154312477	0.0325765498847426	0.00809107799041695	0.166000214352029	0.0128823007744895	0.0333326160187216	0.00267761644107396
TCGA.4B.A93V.01A.11R.A39D.07	0.0259468802996762	0.00169578161507471	0.749830854754099	0.00160972800644821	0.0292920558840239	0.0151889198112798	0	0.000842036860733891	0.112250682188146	0.00973111525096924	0.0536119453295487	0
TCGA.50.5044.01A.21R.1858.07	0.122367075962606	0.0480457916070828	0.610259380149714	0.000260946689568884	0.0301304277833828	0.0293271126839664	0.016975215245165	0.00979795657663555	0.0965491600061636	0.0129432418333319	0.0223020196868647	0.00104167177551835
TCGA.50.5049.01A.01R.1628.07	0.104762447306285	0.0217216798573139	0.262135414366938	0.013359860436101	0.0996302424603385	0.11420420257758	0.00539839069015678	0.00663933623269819	0.26926056371224	0.0147831642999948	0.087782886568862	0.000321811491491427
TCGA.50.5066.01A.01R.1628.07	0.0759426603823665	0.0249316394941362	0.338145136240924	0.00721863076049036	0.0811494243025663	0.0955733127630343	0.00587591646637344	0.00869167432522059	0.23262322084899	0.0123202787541644	0.115731750109505	0.00179635555222882
TCGA.50.5931.01A.11R.1755.07	0.161799436470752	0.0127732695824823	0.711653803395645	0.00348574090456516	0.0228510757393689	0.00823559187513036	0.00593862036111057	0.0031857514106779	0.0558532811778745	0.00272373890983983	0.0114996901725534	0
TCGA.50.5931.11A.01R.1858.07	0.0108081451647754	0.158174857785737	0.456877685119508	0.0015919739550581	0.0535294064797752	0.0210675823019218	0.0227751404527184	0.0566188433347098	0.187992648455635	0.0264720802472437	0.00398449960558289	0.000107137097334456
TCGA.50.5932.01A.11R.1755.07	0.0195898435353247	0.00746524056183315	0.855394251132348	0.00149150489838554	0.0205821702135988	0.00614588064023485	0.00362582317520357	0.00581435232355209	0.061265305725759	0.00382302647957723	0.0139713013336914	0.000831299980491627
TCGA.50.5935.11A.01R.1858.07	0.0457239496947172	0.175986577792457	0.415183838259518	0.00131371890280656	0.0651173333895761	0.0224659618264898	0.00901801300186869	0.0374876655543278	0.191925278863852	0.0311843102825467	0.00335192428333483	0.00124142814850468
TCGA.50.5942.01A.21R.1755.07	0.0410665956465358	0.036215906079612	0.813051455977616	0.00356446557385216	0.0267542811057841	0.00637090844018818	0.00317448412996199	0.0154792660820915	0.0315539251852315	0.00214202959069037	0.0203068299307092	0.000319852257726857
TCGA.50.5946.02A.11R.2090.07	0.277278451665143	0.0293513095138921	0.519523207183684	0.0038816227222943	0.0274725070990316	0.0209133270189163	0.00163820291126244	0.00599314698762698	0.0663044145685681	0.00386556851372047	0.0426037963678855	0.00117444544797613
TCGA.50.6590.01A.12R.1858.07	0.0810254829147801	0.0263657258092078	0.327779480904537	0.00721391820871615	0.0961199716571794	0.0584846850519431	0.00339223731481362	0.00366484913032191	0.273075322582034	0.0314721605097319	0.0880980913612199	0.00330807455551461
TCGA.50.6673.01A.11R.1949.07	0.0861513990073726	0.0386149746476524	0.640113211866936	0.00825383469642247	0.0427706210615857	0.0070811328106337	0.0103075366434265	0.00809236597729913	0.114360024275845	0.00557399278016016	0.0380806085763983	0.000600297656267667
TCGA.50.7109.01A.11R.2039.07	0.0785279490108815	0.0148475333439672	0.6890122212868	0.00919879941287874	0.035817041891682	0.0281002886670093	0.00147897617169819	0.00200416970049462	0.0873022055758342	0.00915755571771856	0.0444922755501407	6.09836708954391e-05
TCGA.51.4079.01A.01R.1100.07	0.0817003945242269	0.0128113554227354	0.724911313024427	0.00488607635395021	0.0268650904444195	0.0155984578908709	0.00868869009621896	0.00589783444770891	0.0832699377840085	0.00282954525512454	0.0308641019162768	0.00167720284003184
TCGA.51.4080.01A.01R.1100.07	0.0123171922626888	0.013296704735847	0.844964029457612	0.00271008397843505	0.0182143810797923	0.0104443460021141	0.00661701899529826	0.00422405117564853	0.0743435540688222	0.00455706185670377	0.00696178181862056	0.00134979456841716
TCGA.51.4081.11A.01R.1758.07	0.0595531637613648	0.071798449980735	0.228408702743996	0.00523848746474976	0.083694453519414	0.0927477216507066	0	0.0450517498153289	0.32889585940413	0.0166813378492114	0.0492318082593935	0.0186982655509702
TCGA.52.7810.01A.11R.2125.07	0.0989907370052419	0	0.861113190749148	0.00122558166158923	0.0070937053513466	0.0014360295179687	0.002891655892207	0.00198410042535082	0.0211833228852361	0.00263166350696281	0.0014500130049486	0
TCGA.55.6642.01A.11R.1858.07	0.31522062555407	0.0160780191894549	0.454967308243081	0.00149891342060921	0.03316246046396	0.0213965982725715	0	0.00658224003275077	0.0700234099130632	0.00540515023041187	0.0741552498108677	0.00151002486915988
TCGA.55.6970.01A.11R.1949.07	0.0236142294380342	0.0185636595456338	0.678548074698303	0.007527518053696	0.059147906081632	0.0179849664866307	0.0213570364105082	0.0107810174512072	0.120871739377018	0.00612581412568388	0.0335802178741499	0.00189782045750243
TCGA.55.6971.01A.11R.1949.07	0.0898213833037196	0.0243490214815199	0.412007525014885	0.0208144391404845	0.0838450956591204	0.0581859011319822	0.00140239332620499	0.0234535339524714	0.180937575566328	0.0296940792627632	0.0706825949751093	0.00480645718541127
TCGA.55.6971.11A.01R.1949.07	0.0171923091424296	0.0990572434580742	0.413169508567206	0.00187978700279022	0.0692557001051341	0.0442637257539307	0.00978066176235659	0.0594528786170369	0.244498007625518	0.0257621303559157	0.00792804662534603	0.00776000098426218
TCGA.55.6983.01A.11R.1949.07	0.0965366828298536	0.0170894274423942	0.638862378561222	0.0358230802246923	0.0590643660286532	0.0228657040058348	0.00477231338816075	0.00802144827768896	0.0874323773035704	0.00897923294690538	0.019453781819149	0.00109920717187567
TCGA.55.6983.11A.01R.1949.07	0.0182892639324302	0.042353088669636	0.456961854792599	0.00577890102742957	0.075045176811721	0.0443322299916377	0.013725199950195	0.0315301590244567	0.281225387947429	0.0134946048753372	0.00814511769448644	0.00911901528264193
TCGA.55.7570.01A.11R.2039.07	0.102231371293515	0.00744332002570183	0.748644081543922	0.00935345964488158	0.0171147415553027	0.0190324154812791	0.00036682017073451	0.00401162201489762	0.0438166322921655	0.00452688074371844	0.0430596760725274	0.000398979161354035
TCGA.55.7725.01A.11R.2170.07	0.00793558665908716	0.0140570288375836	0.618285275389278	0.0271286742855882	0.0872224898741878	0.0325218696354999	0.0134488712156329	0.0367066674706165	0.149007417444033	0.00469863692076511	0.00671822592651839	0.00226925634120925
TCGA.55.7815.01A.11R.2170.07	0.163863475262348	0.0112153770792546	0.527849034307933	0.00729753863047022	0.0920051843341149	0.020317421072201	0.016587320695652	0.0100567786794834	0.134512361199399	0	0.0140988542566223	0.00219665448252285
TCGA.55.7913.01B.11R.2241.07	0.0197185847152514	0	0.858766524236681	0.00208321899767535	0.0205447459868824	0.0111061354541913	0.00341355344387143	0.00300145437830733	0.0542054013071992	0.00305766589698521	0.0225358240833745	0.0015668914995812
TCGA.55.8085.01A.11R.2241.07	0.0312061529180533	0.00485920764774879	0.66428350875677	0.0095677896163956	0.0487353541289257	0.0428488188658689	0.00253442441061781	0.000532685535701309	0.141648497413108	0.0141805972972301	0.0396029634095796	0
TCGA.55.8087.01A.11R.2241.07	0.0306623254183639	0.0130912227903637	0.799154445321238	0.00256278596610926	0.0240767625492375	0.00528689139796267	0.020659125736885	0.0242413974767295	0.0712553902924759	0.00233853774094288	0.00470783099708883	0.00196328431260323
TCGA.55.8090.01A.11R.2241.07	0.0590447860815035	0.00788979293374525	0.702201132514144	0.00539408323538739	0.0508182390519236	0.00988544871347137	0.00974342761270024	0.0126817284655578	0.118599640921331	0.00520343495755408	0.0168846705300433	0.00165361498263802
TCGA.55.8091.01A.11R.2241.07	0.132827428721312	0.0245159445292499	0.526970735883477	0.000405471825251684	0.0676002818468511	0.0107411090123307	0.0219681152630545	0.026127690937139	0.139419788708687	0.0191039379879899	0.0258329578399681	0.00448653744468874
TCGA.55.8092.01A.11R.2241.07	0.119689461982915	0.0120014497913523	0.501194396398086	0.00876613725786646	0.0407633596091549	0.0727168785515192	0	0.00471254197196353	0.0980790155406473	0.0208296429053159	0.118616115727475	0.00263100026370444
TCGA.55.8094.01A.11R.2241.07	0.00643241331342518	0.0159113732817621	0.920310256201618	0.00170612938197573	0.0102202569072965	0.00385010505294614	0.0088998443523374	0.00168202770473173	0.020816761693055	0.00254642954220728	0.00699544634719614	0.000628956221448421
TCGA.55.8207.01A.11R.2241.07	0.0726224853636206	0.0162878014323532	0.584932908654195	0.004394011581161	0.0582752537607072	0.0184525040236518	0.0188847367461499	0.030593335389513	0.180584962691332	0.00353737425110027	0.0093956951943418	0.00203893091187448
TCGA.55.8301.01A.11R.2287.07	0.0644001191760967	0.00274786955853501	0.524972024000984	0.0197420170716871	0.0533091543652616	0.0541089658567003	0.00249114999782124	0.0138567331195861	0.180092079788075	0.0179711592233285	0.0663087278419252	0
TCGA.55.8508.01A.11R.2403.07	0.0995602267805842	0.0142096816734985	0.685553193381564	0.00727097281987241	0.0239670391949177	0.0131523109292976	0	0.00240838005987542	0.0652430444616797	0.00521533811558667	0.0800708968512956	0.00334891573182832
TCGA.55.8510.01A.11R.2403.07	0.0973296431779803	0.0096660387315937	0.535327473320916	0.00744973470181166	0.0588301402480157	0.0421968039115964	0.0104725953204676	0.0262687876536802	0.178521649153762	0.0136524993356837	0.0176319995452664	0.00265263489922663
TCGA.55.8619.01A.11R.2403.07	0.0283122488691323	0.0387452682704295	0.477924544966307	0.0287925205191839	0.073345130954808	0.0475384928479296	0.00656940103094322	0.0331859897796171	0.19566660747103	0.0184045484740156	0.0426913543118342	0.00882389250477008
TCGA.55.8620.01A.11R.2403.07	0.0263154379036732	0.00698541859436691	0.624926676705185	0.00923118978490879	0.0618602145093586	0.0435513893419566	0.000260061900708243	0.00392491987147935	0.136528696329742	0.0101751520836589	0.0750499968095969	0.0011908461653647
TCGA.55.A48Y.01A.11R.A24H.07	0.168442386972489	0.0119589639526467	0.646376740017522	0.00328014280406	0.0329018507985873	0.010313764030571	0.000281458786150992	0.00481569468343455	0.0793897359186674	0.00379504838363305	0.035904269755409	0.00253994389682906
TCGA.55.A492.01A.11R.A24H.07	0.0129535187110763	0.0155630950884482	0.886876090512844	0.00114371501023913	0.0141406495077696	0.00658865359341967	0.00262315837512148	0.00490234765280869	0.0267605047324686	0.00382994158928041	0.0241413624794343	0.0004769627470895
TCGA.56.5898.01A.11R.1635.07	0.0847174818851547	0.0166072468010106	0.74844355292856	0.00376062235931176	0.0261287222230622	0.0110898664213122	0.00536337464156872	0.00703962926085423	0.0779051722467361	0.00536580517287599	0.0127455251921751	0.000833000867378339
TCGA.56.7223.01A.11R.2045.07	0.0919591024690369	0.00419305939702468	0.861571832548499	0.00485294624038987	0.00588548628585865	0.00313184700007296	0.00058410971352381	0.00179079921077356	0.0225217590598566	0.00161992153131416	0.00188913654364992	0
TCGA.56.7582.11A.01R.2045.07	0.129162447245761	0.168569220965095	0.278018418477201	0.0173546803496471	0.0587615060919945	0.0345978854621455	0.000751588806929107	0.0222689530640267	0.250278043301959	0.0158701951834043	0.0185632427196756	0.00580381833216138
TCGA.56.7731.01A.11R.2125.07	0.104925750668925	0.0279007857926902	0.641601345666408	0.00601949415767982	0.040423068284628	0.0125532820816004	0.00609637682160748	0.0102674365234142	0.111966595062185	0.00464491367168166	0.0301100881600937	0.00349086310908703
TCGA.56.7822.01A.11R.2125.07	0.0484985305970975	0.0273060444596958	0.800082114812824	0.00209819662559929	0.00916485056408712	0.00929915565598254	0.00452433778031789	0.00708024829696806	0.0781315910799293	0.00585307046020737	0.00599963259158152	0.00196222707571011
TCGA.56.8308.01A.11R.2296.07	0.134532943430156	0.0425676580131263	0.626751001707654	0.0123486134274415	0.0379719874673099	0.0114924823978833	0.00415258316884059	0.0104473830171033	0.0838883499894165	0.00327643357659699	0.0316549430383858	0.000915620766086119
TCGA.56.8309.11A.01R.2296.07	0.0196392227830656	0.0679856827611723	0.352464494891085	0.0105795463705116	0.0726990170119098	0.0510142571970354	0.0357297288827425	0.0166807973320886	0.320127183757479	0.0221853124166658	0.0121899605619986	0.0187047960342457
TCGA.56.8503.01A.11R.2403.07	0.307552959755665	0.0224563747751648	0.243577791358012	0.00454317946641586	0.0616194614057452	0.0240197969202896	0.00193971222440059	0.0231271259143727	0.258421435288056	0.0136324338592378	0.0328151154163435	0.00629461361629658
TCGA.56.A5DS.01A.11R.A27Q.07	0.0703557775765009	0.0190408114312549	0.741411261654076	0.016297003602689	0.0303967510015811	0.0158307587653182	0.00706051750807488	0.00942316582907643	0.0492517092049195	0.0051190476498963	0.029741749835754	0.00607144594085892
TCGA.58.8390.01A.11R.2326.07	0.274579450404839	0.00621072480192352	0.510752282956841	0.0022364817923023	0.0535462092338271	0.0173277442079293	0.00637750201767676	0.0075025073328258	0.112356357043241	0.00529023787230443	0.00175462723137445	0.00206587510491506
TCGA.58.8391.01A.11R.2326.07	0.0409818405796789	0.00601410775221554	0.873091707419509	0.00149432509929573	0.00753988322704179	0.0101663880567443	0.000914203967491137	0.00465757418988111	0.0440824076420921	0.00315036970070893	0.00789875617300486	8.4361923365152e-06
TCGA.58.8393.01A.11R.2326.07	0.0760113796786026	0.0181923926548779	0.600770592974072	0.0131751135199513	0.0513069225886457	0.0481714356479375	0.010504837513162	0.00569879821678137	0.128704319767058	0.020899144115009	0.0225337225544988	0.00403134076940357
TCGA.58.A46N.01A.11R.A24H.07	0.0298512817147138	0	0.960908597579239	0.00020135344954229	0.00152823140959383	0.000912816907938284	0.000761485268771224	0.00181834942835669	0.00242935765129961	0.000669182575135685	0.00089711506954356	2.22289458659921e-05
TCGA.60.2695.01A.01R.0851.07	0.0479471960505362	0.0225794848598086	0.658214752085214	0.0108960202283295	0.0396871129841656	0.041795540259004	0.00149573125678216	0.00596451055196595	0.108782371096438	0.0138120893055421	0.0455793960309089	0.00324579529130471
TCGA.60.2703.01A.11R.2045.07	0.293586868812443	0.0111027887334754	0.59136311193099	0.00220306548349444	0.0169429035616934	0.00408383543963705	0.00362149468755026	0.00188815830485778	0.0320898040931906	0.00721768162031078	0.0340191849247851	0.00188110240757171
TCGA.60.2704.01A.11R.2045.07	0.23590994536231	0.0268459561123081	0.330704977520988	0.011634810168259	0.0796227526194906	0.0248905255453796	0.00607273511482786	0.0144126372865734	0.209029253714463	0.00634816317439102	0.0471711242581275	0.00735711912288158
TCGA.60.2712.01A.01R.0851.07	0.155347759257892	0.0203474209451688	0.324588931392737	0.0153809735636286	0.106649144704853	0.053775545121072	0.00135713127223262	0.0041310601993487	0.221689265355603	0.00700323081478413	0.0896909267235966	3.86106490829122e-05
TCGA.60.2719.01A.01R.0851.07	0.0302320012337152	0.00699799501209374	0.794177691257085	0.00336074843545461	0.0291179075370301	0.0161007976841883	0.00298964827072067	0.0029558896455814	0.0905574325509382	0.00595068691352685	0.0165546371357196	0.00100456432394601
TCGA.60.2721.01A.01R.0851.07	0.219486599412988	0	0.471100378645987	0.00283664408769532	0.0584954023282103	0.0639417005513493	0.00719199847930021	0.0149651197664343	0.110755028304915	0.00995819070938599	0.0397319521355686	0.00153698557816528
TCGA.62.8394.01A.11R.2326.07	0.0581377121045903	0.0225918795995887	0.722559136740458	0.00466013279327903	0.0346234461288379	0.0139318653138074	0.00999722666411089	0.00709748403031072	0.111102294275476	0.00664381818891977	0.00772072286609969	0.000934281294521152
TCGA.62.8398.01A.11R.2326.07	0.0926253681022833	0.00836883198076302	0.677223592925905	0.00472301637021082	0.049475811550731	0.0159936814567899	0.00383104389432164	0.00812645003571358	0.111838043946971	0.0114599993503267	0.0151183034693572	0.00121585691662696
TCGA.62.A470.01A.11R.A24H.07	0.0119654990282226	0.00735250258302136	0.831383207202403	0.00241191944930658	0.0153503456063594	0.0117639628070726	0.00718629046531896	0.00533951060141595	0.0916672656186614	0.00378976575728537	0.0097523222941006	0.00203740858683258
TCGA.63.5128.01A.01R.1443.07	0.0762222249566216	0.0117724234216671	0.857210647611427	0.00071813674470486	0.00959915600801676	0.0024901797897158	0.00430135796222215	0.0022076462771601	0.0258542155692668	0.00373681368091193	0.00469448594114528	0.00119271203714075
TCGA.63.5131.01A.01R.1443.07	0.0517725499122177	0.0217336656473793	0.752903027189826	0.00254714429725989	0.0328356742861689	0.0131768170405265	0.0250035078886461	0.00723963310977534	0.0617385254678017	0.00688855357462842	0.0111351994177542	0.013025702168016
TCGA.63.6202.01A.11R.1820.07	0.109788008522953	0.0197449740205412	0.432537000109672	0.0121373384248355	0.0877269519416564	0.0739495653562779	0.017987507662629	0.013941215104903	0.189993923872818	0.0237733996655019	0.0117508524868379	0.00666926283137446
TCGA.63.7023.01A.11R.1949.07	0.0543158128790408	0.0108756782325492	0.704936368197317	0.00454876266491197	0.0431835849993005	0.0374225850207497	0.0123912630016156	0.00485329645758516	0.0886385833960601	0.0120421810657475	0.0257891139056995	0.00100277017942297
TCGA.63.A5MB.01A.11R.A26W.07	0.03937141089641	0.00983461470349966	0.760044527690352	0.0074679563541469	0.0277536100426402	0.0297429408612472	0.00343841084421846	0.00416888495511226	0.0991875547659472	0.0106438838257072	0.00834620506071887	0
TCGA.63.A5MI.01A.12R.A27Q.07	0.0642636590754293	0	0.882432051076192	0.00176326969250635	0.0085474557989146	0.0038593025676975	0.00252658509821484	0.0038165321235821	0.0189270972622785	0.00158320934360791	0.0111326714141346	0.0011481665474427
TCGA.63.A5ML.01A.31R.A27Q.07	0.0746453312153928	0.0226867929972525	0.67198690673671	0.0028303239448888	0.0287691120406424	0.0392684883647844	0.000720612649155757	0.0104068002602261	0.128016847290016	0.0129162278491997	0.00639806110470868	0.00135449554702262
TCGA.63.A5MM.01A.11R.A26W.07	0.157706012691325	0.0355569744633126	0.405246497535067	0.00421694842200747	0.0765591567518766	0.0447278721325001	0.010241373202382	0.0122543211962346	0.2051618655848	0.0267447764189962	0.0140886732650876	0.00749552833641114
TCGA.63.A5MT.01A.21R.A26W.07	0.173743821376367	0.0229190990279066	0.51635809653124	0.00931004967478163	0.0370398476454916	0.00644625785492389	0.000287765653049782	0.00274680972560479	0.196474233675644	0.00986957532535628	0.0207117265087679	0.00409271700086622
TCGA.63.A5MU.01A.11R.A26W.07	0.0146628476231763	0.00186681569519953	0.927407992625138	0.00164335487063102	0.0108374460201813	0.00261553956811321	0.00361718742019084	0.00990129080415016	0.0147057613543787	0.00184633864886408	0.0101901569787742	0.00070526839120323
TCGA.63.A5MW.01A.11R.A26W.07	0.401307043256302	0.00841194902117765	0.451495350814817	0.000875547605434143	0.018590565235388	0.0215355343508478	0.0053959240304153	0.00753730855767414	0.0621069991342888	0.00927736942396671	0.0131071030426886	0.00035930552700017
TCGA.64.1679.01A.21R.2066.07	0.2689970171141	0.00918958963352286	0.43625816227339	0.00253386705999101	0.0292568046977761	0.00721506341292637	0.0256770691397338	0.0152933440470702	0.171388922816555	0.0021999413953871	0.0256167131682494	0.00637350524129804
TCGA.64.5774.01A.01R.1628.07	0.0804813363246373	0.00215760949391399	0.812922526407703	0.00377657095707593	0.0236951889511881	0.00855927400582213	0.00124149079446487	0.00229477610415102	0.0337408521209276	0.00622525269563611	0.0235567642157715	0.00134835792870883
TCGA.64.5775.01A.01R.1628.07	0.224356390168419	0.0431115040750833	0.187673897345086	0.00393281513505934	0.0605877952685579	0.0253286061997845	0.00105709404907855	0.0279087926529505	0.378933836024792	0.0256383757856429	0.0155365887710974	0.0059343045244483
TCGA.64.5815.01A.01R.1628.07	0.317591604099472	0.0139981572954656	0.384861646000209	0.00202554568899346	0.0485556752020849	0.00950702544976096	0.0241315054390471	0.00911698557139342	0.164469567274612	0.00297752102695101	0.0204382636364406	0.00232650331557013
TCGA.66.2734.01A.01R.0980.07	0.125797893733878	0.0182687776273731	0.513153488775047	0.00734324803307662	0.0278707811711488	0.0115895076641769	0.03187948784022	0.0099157191748604	0.178552270684979	0.0137500697365051	0.00318968101414486	0.0586890745445903
TCGA.66.2756.01A.01R.0851.07	0.0876878273366854	0.00388875404545685	0.687814716008705	0.00248259014164082	0.0485998591662605	0.0188758351548484	0.00443694028799386	0.00354273400791252	0.0913115872794728	0.00871298579682841	0.0411458943209985	0.0015002764531973
TCGA.66.2759.01A.01R.0851.07	0.0995250988049606	0.0134815846226535	0.596152154960641	0.00995592757971532	0.0358611437596556	0.0279613124554586	0.0061976064375402	0.00674521408123261	0.159736117080519	0.00797528533111503	0.0317724535829347	0.00463610130357368
TCGA.66.2767.01A.01R.0851.07	0.050636547667934	0.0245109053017686	0.484457906919663	0.0188070796376739	0.0730418350729369	0.0731872273865692	0.0123518869220355	0.0175428263665299	0.18157326410528	0.0179463417194501	0.0435432287765699	0.00240095012358967
TCGA.66.2768.01A.01R.0851.07	0.0234250098128837	0.0179799448108658	0.647758122419256	0.00330493615980238	0.0381870016107332	0.0268063752129827	0.021646648253803	0.0202253223492304	0.17283899658226	0.0159821255218097	0.00332698826669778	0.00851852899967539
TCGA.66.2781.01A.01R.0851.07	0.109238768523157	0.0205662799574435	0.615884703498949	0.00802164947784334	0.0239070429908377	0.019853954680807	0.0147739823875987	0.0162732843445297	0.071240140722008	0.00566035980208004	0.0677480911856842	0.0268317424290626
TCGA.66.2786.01A.01R.0851.07	0.0387568847466412	0.00875442014173392	0.736186372245541	0.0030977422596528	0.031975901065142	0.0274275285139774	0.0114413567345898	0.00972134745552566	0.0988264872717755	0.00756497408127916	0.0233130890424001	0.00293389644174131
TCGA.66.2788.01A.01R.0980.07	0.235702835006191	0.018144247348508	0.439813365776981	0.000494589807102419	0.0488830801191018	0.0338200978416312	0.00215454084092995	0.00545517188064305	0.12912822571635	0.00873957505825128	0.066589300629524	0.0110749699747862
TCGA.66.2795.01A.02R.0980.07	0.188328298430868	0.0129319874404244	0.475335702342481	0.00467651013347904	0.0479066761896429	0.02357041897737	0.00561700148843467	0.0086021435228522	0.18493864134184	0.00459307394830666	0.0393589842787324	0.0041405619055687
