Mixture	Fibroblasts	Endothelial.cells	Epithelial.cells	B.cells	CD4.T.cells	CD8.T.cells	Dendritic.cells	Mast.cells	Monocytes.and.Macrophages	NK.cells	PCs	PMNs
AAACAAGTATCTCCCA.1	0.374779623066402	0.016948078054547	0.216485968435259	0.041167969988616	0.104476446567726	0.0336474459441389	0.0161967731608515	0.0218429316470788	0.0618333044357402	0.0302288653526653	0.0691127606474607	0.0132798326995149
AAACACCAATAACTGC.1	0.12315104661296	0.0284267363931344	0.673758184243197	0.0220910382869954	0.0437623218793775	0.0252197229895164	0.00664720870892923	0.00837543552395829	0.0308755251126112	0.00696018913199349	0.025809874829779	0.00492271628754794
AAACAGAGCGACTCCT.1	0.238371804395673	0.0852966968678957	0.312403088008417	0.0315910368089425	0.0458125791769016	0.0282355039148741	0.0256986399654784	0.0209922712130943	0.0438648680540521	0.0206174292682018	0.139180068333588	0.00793601399288119
AAACAGGGTCTATATT.1	0.117892179717216	0.0537573393868465	0.112858578606168	0.118479595632478	0.110182346442127	0.154411311944432	0.00478076178204339	0.013200087453551	0.0927819093237754	0	0.218637263636148	0.00301862607521544
AAACAGTGTTCCTGGG.1	0.369956144691368	0.0052389281200938	0.50083158444898	0.0131104018151712	0.0282644055934665	0.00703796588108677	0.00523855483769952	0.00697981992019009	0.0285171982091302	0.00785408667368583	0.0248420755051389	0.00212883430398914
AAACATTTCCCGGATT.1	0.0939730415830251	0.00394779100175695	0.755317964758091	0.0158490481707622	0.0241339333819774	0.0141546172619354	0.00788927488840476	0.00869518637745871	0.0268995823290761	0.00859367842022947	0.0382079261036543	0.00233795572362867
AAACCCGAACGAAATC.1	0.418646529567497	0.0191714819983778	0.206042725876913	0.0211821378436972	0.0744571147962712	0.0148426342462661	0.00934713640586695	0.0224427518323692	0.0852751674441151	0.0140802408466582	0.10942740801895	0.00508467112301846
AAACCGGGTAGGTACC.1	0.113328353637344	0.00485937042572659	0.767642326541494	0.0145236493576094	0.0246280282299224	0.00691648010811777	0.00408134249646899	0.00470481629362513	0.0195144598870822	0.00881315479865195	0.0280113055129387	0.00297671271101866
AAACCTAAGCAGCCGG.1	0.264398107889691	0.0078256113706473	0.546906388650254	0.0172961257177061	0.0341348030701789	0.0214911797444963	0.00867355491443862	0.0112387224849748	0.0336768340743875	0.0154330477447624	0.0359907604732677	0.00293486386519574
AAACCTCATGAAGTTG.1	0.379675428701594	0.00782274044201432	0.382950918940297	0.0201661075496898	0.0319377246792549	0.0257238596335566	0.00932063394787692	0.0118413936570484	0.0360396127699305	0.00699434161361352	0.0818579261778039	0.00566931188731975
AAACGAAGAACATACC.1	0.083757705729651	0.00937670516134293	0.739082144104785	0.0201908634764324	0.0371929745580346	0.0154724702596573	0.0115289267598184	0.0150321421084218	0.0243982668988163	0.00803978473978936	0.0297596522411059	0.00616836396214504
AAACGAGACGGTTGAT.1	0.24060917268371	0.00701458312850407	0.59858318768159	0.00745063298828205	0.0235619591469351	0.0148949933933518	0.00342712193527945	0.00808644622073648	0.0602930274776952	0.014273928597218	0.0194761232947622	0.00232882345193565
AAACGGGCGTACGGGT.1	0.0814939618694715	0.0116858502997809	0.799294896901298	0.0173740030382134	0.0177177074214094	0.015146898729227	0.0130745114016494	0.00555648024541535	0.0141912650375571	0.0117318963010944	0.0127325287548837	0
AAACGGTTGCGAACTG.1	0.299033014802954	0.0142596359231837	0.340924293671436	0.0238962669433633	0.0613269823886524	0.0338596860562068	0.021514492411859	0.0229788323712379	0.108140247925066	0.0121154308872816	0.0619511166187592	0
AAACGTGTTCGCCCTA.1	0.1168138088735	0.0981205031888739	0.519783675847575	0.0339736619595721	0.0540356918599193	0.0271261104709151	0.0247706861661967	0.021517914818811	0.0392849248687681	0.0222283249374527	0.0344707232537005	0.00787397375471619
AAACTAACGTGGCGAC.1	0.189133081794512	0.135717726723346	0.412942520331212	0.0389331629904099	0.0508477704466639	0.0186368061634189	0.0223308388631484	0.0201378210389655	0.0427881646515588	0.0208207156462536	0.0403212896182638	0.00739010173224663
AAACTCGGTTCGCAAT.1	0.132526537940764	0.00539061829536615	0.763896777976097	0.0131879073387287	0.0130719776025228	0.0112047333203436	0.0112273556572103	0.00588052438226723	0.00800667179711827	0.00693303601614244	0.0246341727849922	0.00403968688844768
AAACTCGTGATATAAG.1	0.289088652637352	0.0883878995126404	0.380417229760987	0.0488647239020811	0.0431478383169819	0.0178742620243883	0.0204881243811371	0.018305324497253	0.0342762069614771	0.019360293164791	0.0331218310352364	0.00666761380567541
AAACTGCTGGCTCCAA.1	0.113219916678899	0.0497681863338006	0.608648559416587	0.0307240351895651	0.0366990382667454	0.0179617621218604	0.0277687014103522	0.0175880008359036	0.0273478822194608	0.0175649535346616	0.0466965009452013	0.00601246304696311
AAACTTAATTGCACGC.1	0.350311357545474	0	0.588782095592812	0.00593704411389712	0.00889976579019666	0.00526050502616203	0.00127872750483438	0.00412541548138945	0.0152630368124116	0.00371333647278046	0.0157232731437248	0.00070544251631661
AAACTTGCAAACGTAT.1	0.188069609140928	0.086134589724541	0.426993409081883	0.0541690156234309	0.0517364280911315	0.0220744807145659	0.0287100380449046	0.0147308142547293	0.0367533372117555	0.0171019728624921	0.0681198498118298	0.00540645543780856
AAAGAATGTGGACTAA.1	0.0748536395141622	0.0106752470343183	0.868270803939504	0.004466949450752	0.00842463500765563	0.00659623841437065	0.00529977311886489	0.00259491682331813	0.00920839313597823	0.00310076836887644	0.00547427492951255	0.00103436026268696
AAAGACCCAAGTCGCG.1	0.0724150266735436	0.00640347443508454	0.75931542394752	0.0245353171806922	0.0315123760649825	0.0175398139540005	0.012789173505433	0.0114655805133703	0.0254100350543311	0.0129509127554299	0.022086681347482	0.00357618456813014
AAAGACTGGGCGCTTT.1	0.15064694129745	0.0201257704157018	0.593689682546406	0.0253539903665639	0.0528915975754237	0.025357031167794	0.0188447286548656	0.0161863577584564	0.0356400894809667	0.0195311501225338	0.0360047449955997	0.00572791561823813
AAAGCTTGCCTACATA.1	0.435459806642482	0.0369972267712153	0.237874177616562	0.0428613085930191	0.0428755089408774	0.0281665926509861	0.0207332473000188	0.0184254923722101	0.0322797302914739	0.0175971766776329	0.0745479276919056	0.0121818044516175
AAAGGCCCTATAATAC.1	0.212458139323697	0.00535668234325012	0.701746890665674	0.00880621823857393	0.0150019202537401	0.0119923303082194	0.00408464412416088	0.00440091958438295	0.0118349448270214	0.00381459127055667	0.0165796808753526	0.00392303818537114
AAAGGCTACGGACCAT.1	0.250938543569405	0.0151199948483249	0.474339020807537	0.0216654279003759	0.0355397027300105	0.0677137549611058	0.0104724907786554	0.0139525166288843	0.0616259732737218	0.0108723708231374	0.0347567135175911	0.00300349016125036
AAAGGCTCTCGCGCCG.1	0.478830230557572	0.00255188947692349	0.208165745683021	0.069788840141381	0.103788054790302	0.0213426725665314	0.013543742291438	0.0147464745798906	0.0426792766441656	0.013246271267499	0.024203773834347	0.00711302816692813
AAAGGGATGTAGCAAG.1	0.159585338359525	0.0121033664262469	0.49096844198703	0.0431441326264461	0.071761582936612	0.0350218521112784	0.0309393571785161	0.0237433279440059	0.049403495344869	0.0156060143257708	0.0562151524493313	0.0115079383103685
AAAGGGCAGCTTGAAT.1	0.327192301476373	0.025133552106252	0.33526902072357	0.0388070116223166	0.0677509889132199	0.0315862294087105	0.0181049848347109	0.0193577039187601	0.0536368671560592	0.0184898656098472	0.0540182417536396	0.0106532324765414
AAAGGTAAGCTGTACC.1	0.231714393210584	0.0702528677389759	0.338025390998818	0.0696178004717922	0.0648508683829662	0.0251097235173394	0.0284048478513345	0.0256319464581351	0.0468653035679716	0.0247719413572203	0.0629351776465131	0.0118197387983497
AAAGTAGCATTGCTCA.1	0.238490315524923	0.109600568303816	0.201850082351966	0.0528217573846745	0.0951802259693736	0.0160060786017479	0.0181818934649954	0.0268012220201605	0.123882515615916	0.0382462491131773	0.0738678481404991	0.00507124350875117
AAAGTCACTGATGTAA.1	0.185975940419358	0.0107099796479081	0.641198448472921	0.0185689002535133	0.0290535922631957	0.0180346460310398	0.00396808211346333	0.00919029306791082	0.0426845143691173	0.00719243168180486	0.0300310300395266	0.00339214164024138
AAAGTCGACCCTCAGT.1	0.28312758219827	0.027474740016668	0.396517756852454	0.0392809012673606	0.0469146968863582	0.0225251132503952	0.0142085266515579	0.0194272971984361	0.0754591355549675	0.0200651312382851	0.0510061167848649	0.00399300210038236
AAAGTGTGATTTATCT.1	0.303815449222443	0.0335329978275075	0.40504658025996	0.0129448270408585	0.0326505619104899	0.0119771503590794	0.00881261508484875	0.0106013594579323	0.028842254717813	0.015474708139304	0.132189635469782	0.00411186050998117
AAAGTTGACTCCCGTA.1	0.160562621487409	0.00921732489782272	0.721401663366789	0.0139736271828148	0.0213121100455067	0.010606745502052	0.00645600815362697	0.00794632917826638	0.0203460796379059	0.00833753337483387	0.0167833280522831	0.00305662912068938
AAATAACCATACGGGA.1	0.184762669637375	0.0562433937694645	0.508934597598554	0.0251177719439687	0.030186143497158	0.0294005137768007	0.0116614507948236	0.0157404747770726	0.055097907396692	0.019187004461885	0.0537624158717214	0.00990565647448469
AAATAAGGTAGTGCCC.1	0.27115842041638	0.0300498524320189	0.481402254192297	0.0118095320091141	0.0259234379554424	0.015329748755723	0.0154619245811034	0.0163484122821364	0.0223602348704857	0.0136979373717889	0.0901057166456434	0.00635252848786686
AAATACCTATAAGCAT.1	0.403072093078544	0.0228877028765727	0.35483969014163	0.0211402971963126	0.0686139823930429	0.00994744986878829	0.0129055948075726	0.0110248234981873	0.0487258760359325	0.0277278277792976	0.0191146623241201	0
AAATAGCTTAGACTTT.1	0.0738139236069238	0.00899324798652424	0.836457454387766	0.0113699747785878	0.0152925131057107	0.00653555371141203	0.00585435203995901	0.00515770864651508	0.0145152875556404	0.00402876871234108	0.0161206908600143	0.00186052460860538
AAATAGGGTGCTATTG.1	0.139471576643476	0.0128345701959417	0.476388000859334	0.0283064548483564	0.0690207864959411	0.0444974169416567	0.0125386056687833	0.0195210116742162	0.121297099890409	0.00186298293730474	0.0742614938445803	0
AAATCCGATACACGCC.1	0.256850869838924	0.00385397117325683	0.544351601539516	0.0117375735650675	0.0372749312282788	0.0116596880128133	0.0169975286063179	0.00751280763332183	0.0523892720041812	0.0125966647320756	0.0407106785736828	0.00406441309256421
AAATCGTGTACCACAA.1	0.145349174822318	0.00805556937031388	0.730299577049476	0.0097841051431164	0.0202321903212756	0.0111868498367539	0.00348259397960443	0.00627050677788875	0.0279480090209826	0.00700185496248386	0.0268812298833881	0.00350833883239849
AAATCTAGCCCTGCTA.1	0.107941011999594	0.00962928793367105	0.612401657951788	0.0343739721817581	0.0555689331228887	0.0193528132923249	0.0157609278218854	0.0159482708597092	0.0741838441924632	0.0172184998589062	0.0324573791611883	0.00516340162382351
AAATGATTCGATCAGC.1	0.200444015539628	0.0682126221277795	0.449262457502235	0.0428997571386347	0.0499973808836894	0.0276632889986366	0.0264167948003752	0.0234697222020268	0.0399777462903971	0.0213975586770704	0.0421401639132646	0.00811849192626351
AAATGCTCGTTACGTT.1	0.138694264345083	0.0148232731842404	0.666090946708011	0.0103278175362667	0.0153731472370576	0.0465859808496645	0.0105315495302011	0.00726200323503139	0.0365880545165523	0.0104387366919053	0.0420151317311048	0.00126909443488223
AAATGGCATGTCTTGT.1	0.206046811882485	0.0126488619501473	0.484734997446362	0.0388563604568719	0.0691925926400553	0.0271937647056863	0.0162162860903869	0.0183753813899246	0.0515500073302994	0.0161780450093815	0.0509673406838252	0.00803955041457394
AAATGGCCCGTGCCCT.1	0.168621719818388	0.0172966906122219	0.373238437274972	0.0808388645067796	0.0574164954081229	0.0462553992424102	0.00770605062600519	0.021351831830289	0.0999955003747819	0.0263619925443173	0.0926580011672953	0.00825901659441693
AAATGGTCAATGTGCC.1	0.112771483041818	0.00774894181340383	0.636995937793121	0.0435889450655806	0.0306380296044337	0.017738667415102	0.00519192635760934	0.0155342347802241	0.0687688097647919	0.0197352015760846	0.0354173730050983	0.00587044978273175
AAATGTGGGTGCTCCT.1	0.080022903465769	0.016265426163448	0.712184399016092	0.0246602778166353	0.0349182618851291	0.0206884570814353	0.0109556706571001	0.0128295181672065	0.0371033753528991	0.019906179494025	0.0260025251490783	0.0044630057511822
AAATTAACGGGTAGCT.1	0.129088197235548	0.00966269238509579	0.63574533170725	0.0157575218066773	0.0372872989376501	0.0231228627185088	0.0108356767570138	0.0144422193285819	0.0493932045238616	0.00882831394458397	0.0658366806552286	0
AAATTACACGACTCTG.1	0.408932355575717	0.0926176743217476	0.244328576320599	0.0334048252828268	0.0248257063402743	0.0358747812618941	0.0127721278946841	0.0159852655823091	0.0527133896218679	0.0250372254880858	0.0500826052339097	0.00342546707608484
AAATTACCTATCGATG.1	0.102440102608287	0.0435463355008871	0.534960844551548	0.0592441748213538	0.0459800419765773	0.0383943753368363	0.0180046761601989	0.0233407989095473	0.0561812885650042	0.0215776949679023	0.0410752953196425	0.0152543712822151
AAATTCCAGGTCCAAA.1	0.052609472935681	0.00189646241480024	0.866072501487557	0.0073552304200733	0.0123497792983594	0.010626167173942	0.00443208654363316	0.00623588532330872	0.0123944509056177	0.00358013973452692	0.0205373040730025	0.00191051968949766
AAATTGATAGTCCTTT.1	0.161637599901247	0.0115559874288043	0.714843996984853	0.0148162743284842	0.0147338698738082	0.0113063723395614	0.00586007978677854	0.00620468780191798	0.0170243514567844	0.00643018713690309	0.0331572289008431	0.00242936406001418
AAATTGCGGCGGTTCT.1	0.152332660614665	0.0115913862641125	0.608887998478742	0.0268903150173685	0.0319481814640174	0.0215288973159097	0.00989169045637579	0.014625192418242	0.0626275226745748	0.0176665194464278	0.038606875221672	0.00340276062789305
AAATTGGTGAGAAGCA.1	0.173396127624015	0.285003353177604	0.317075835168493	0.029410156854065	0.0453961161804989	0.0259375927471772	0.0162347728115798	0.0174753528090745	0.0352694501452018	0.0170254754159753	0.0298760187704097	0.00789974829590561
AAATTTACCGAAATCC.1	0.197684433643926	0.0671747303764128	0.428015839000192	0.0307683917640507	0.058119500022659	0.0225619884805074	0.0381369245257365	0.0213224697624251	0.0357741433882911	0.0212718729757854	0.0712883216414252	0.00788138441858886
AAATTTGCGGGTGTGG.1	0.0807308101645531	0.00855589729599286	0.782691828792315	0.00948297050775136	0.0261584471914068	0.0152920314683731	0.00394309100958424	0.00604236308001519	0.0333139893684839	0.0112476121307242	0.0206650254371526	0.00187593355364776
AACAACTGGTAGTTGC.1	0.0798429144735018	0.00434577399908655	0.795797171860048	0.0112117757871133	0.0199004878677188	0.0177412495225289	0.00363014534834521	0.0090001591366441	0.0378051703010863	0.00688334421297664	0.0123981990535217	0.00144360843742912
AACAATACATTGTCGA.1	0.318768115598337	0.00319257885615419	0.605395384783656	0.0107988714812284	0.015116468807498	0.00656450574257216	0.00437970122495861	0.00459737298040997	0.0145823470512618	0.00375041729724032	0.010733770030548	0.00212046614613556
AACAATTACTCTACGC.1	0.0659005865158875	0.0142350522723654	0.639529000101117	0.0210649478783915	0.0725839838187726	0.0450333183256467	0.00381273364621962	0.00994018563743879	0.076637426342036	0.0178190446973762	0.033443720764749	0
AACACACGCTCGCCGC.1	0.508059263113002	0.00238754252215098	0.351109118340421	0.0200043412380413	0.0270254789450458	0.0108045390499925	0.0100617078609347	0.0121533196725241	0.0280199195850527	0.0097360378886378	0.0176982883064243	0.00294044347777291
AACACGACTGTACTGA.1	0.0581461820458817	0.0164362765799493	0.781756631530778	0.0177704240914811	0.0301254229841694	0	0.00732531345384701	0.0113600484867205	0.0311424440623133	0.0117979482404867	0.0300288210587972	0.00411048746557607
AACACGAGACGCGGCC.1	0.224096087164733	0.00616436057510777	0.480999842023078	0.0226371714403208	0.0401707384682295	0.0366811865655072	0.0110682963065062	0.0154925777554213	0.0633829994258626	0.00920328780262165	0.0844379616621034	0.00566549081050897
AACACGCGGCCGCGAA.1	0.132478526691156	0.00530593582503598	0.687081638179143	0.0153340300553561	0.0262799930054072	0.0143051235438984	0.0106187565363179	0.0102349095734483	0.0490313131854026	0.00866891554739255	0.0376545024706196	0.00300635538682252
AACAGCTGTGTGGCAA.1	0.0650360553600382	0.00119656468748219	0.807058722321358	0.0124759981422931	0.0183262186304134	0.00774661552495501	0	0.0169972048426264	0.0494297637489227	0.0103047763327175	0.00949744059542579	0.00193063981376739
AACAGGAAATCGAATA.1	0.149382468360868	0.00675637867510607	0.531196071825291	0.0284949343430271	0.0850562346292902	0.0211095708611366	0.0137637649175134	0.0189825320848037	0.0676902352979643	0.0172952831739579	0.0534830244734821	0.00678950135755876
AACAGGATGGGCCGCG.1	0.109016508410521	0.00921529619446406	0.720408517832448	0.0213332683138908	0.037721708628146	0.0118789675666494	0.00301732081259418	0.00453575782582048	0.0413871632588411	0.0135045093239488	0.0279809818326759	0
AACAGGTAGTATGGAT.1	0.146897162058452	0.0366909025777449	0.0875317986312732	0.0471920855333133	0.0870279848726396	0.203255894029472	0.0362082431854256	0.0486381651984004	0.151942789953462	0.0218462453258059	0.129179213882714	0.0035895147512964
AACATATCAACTGGTG.1	0.102669090357001	0.0342710819017878	0.59157483417089	0.0403066913168329	0.0601586287179462	0.0196647977535981	0.0225813992720946	0.0204003750904466	0.0428256603529793	0.0194268407492247	0.0387898429896399	0.00733075732755862
AACATCGATACGTCTA.1	0.479623294824225	0.125415573727369	0.21395425136474	0.0236434379651254	0.0375032211943148	0.0138289592533665	0.0115746373749837	0.0129753121275799	0.033422011283659	0.0134915268221784	0.0293570717245066	0.0052107023379519
AACATTGAAGTTGATC.1	0.316418642995238	5.25552799799937e-05	0.555762051171006	0.0124364616786701	0.0239250529705245	0.0072789564548167	0.0043216071043399	0.00827828287100136	0.0346858118431129	0.0103826215874937	0.0248000057544677	0.00165795028934937
AACATTGTGACTCGAG.1	0.125151072335519	0.00505263058546538	0.617380942265561	0.0248656360339655	0.0423146924064495	0.00500342780603549	0.0197731520213812	0.0229594898697752	0.0510358872723927	0.0256158828474433	0.0468679221152575	0.0139792644407546
AACCAAGACTTCTCTG.1	0.176279819087827	0.00338424500911139	0.527434745842779	0.018613607546104	0.0605060976391566	0.0583869012558746	0.0115425105637329	0.0116578830938018	0.0527763071697057	0.024222918877803	0.0502197870072398	0.00497517690686322
AACCAGTATCACTCTT.1	0.142134047595618	0.0634722325927957	0.488371630394	0.0437167681469107	0.0509819329706361	0.0290989438241613	0.0275321816217686	0.022346442592605	0.0656365697558664	0.0206194406560048	0.0404160953504776	0.00567371449915566
AACCATAGGGTTGAAC.1	0.270451880091505	0.00879880195304677	0.604459834385572	0.00828741097547528	0.00684122353675794	0.0114125527314984	0	0.0182675862515129	0.0291001037196708	0.00608353199737355	0.0343481084205953	0.0019489659369917
AACCATGGGATCGCTA.1	0.1390411957469	0.00348086093388057	0.723012425450609	0.0142925583468161	0.0286672893474433	0.0210191269532594	0.00764585210819108	0.00824801420293956	0.0224032617591659	0.00807004762537021	0.021612040824626	0.00250732670079877
AACCCAGAGACGGAGA.1	0.083145745606982	0.0108804717311695	0.795697658807626	0.0127187578188469	0.0210922901405901	0.01004210889594	0.00853179612587591	0.010529445218095	0.0145431908266271	0.00681015282980239	0.021496509202721	0.00451187279572379
AACCCATCCCATGATC.1	0.128740514013181	0.00801585866513004	0.616895293036272	0.022094625396134	0.0323691113043352	0.0401433402597047	0.00435930610161918	0.0171844674204654	0.0320188233044802	0.0201320291394393	0.0750992816700414	0.00294734968919761
AACCCGACAACCCGTG.1	0.541283055496669	0.000786828891963329	0.304154787492948	0.0164330740160985	0.0300396283476697	0.0113601606502728	0.00641810414111937	0.00606105921005902	0.0497737074551126	0.0130970670510397	0.0178773992760919	0.00271512797095653
AACCCGAGCAGAATCG.1	0.107847397434989	0.0472204181872212	0.654586666369309	0.0281337014583177	0.0282697604447114	0.0251068556393676	0.0114903122756657	0.0138608981510567	0.0381265651075918	0.0132160141270142	0.0272053960042668	0.0049360148004891
AACCCGCTGTATTCCA.1	0.252429817398274	0.00303200327301863	0.627450164530704	0.0165549405960182	0.0210930476711626	0.00793320455078311	0.00598340286458051	0.00656220165611777	0.0265091891485451	0.00703735657778726	0.0236381017906319	0.0017765699423769
AACCCTACTGTCAATA.1	0.110122232978653	0.00423671871664652	0.748223089501161	0.019093153629843	0.0178007432932071	0.0139645505451861	0.014595382263389	0.00850313394739259	0.0250936092210815	0.0112032081827193	0.0244062691893714	0.00275790853135025
AACCCTGGTGGAACCA.1	0.0767065054737116	0.00754639317722764	0.80510368664559	0.0110270835670531	0.013429593407478	0.0115953319199802	0.0081721624399599	0.00856971984783545	0.0282496238863533	0.00870205056496053	0.0204559421717921	0.000441906898058248
AACCGAGCTTGGTCAT.1	0.117500460104387	0.0191238635506965	0.592957993382685	0.0441664735157774	0.0385246936155625	0.0285294554301776	0.017879788407297	0.0232033133124468	0.0407031091777203	0.0179053895739391	0.048753156235328	0.0107523036939826
AACCGCTAAGGGATGC.1	0.168233630473524	0.162787997088213	0.269354800010726	0.0310468254781105	0.116817087076856	0.0702571373487393	0.0196067682364951	0.0119653575122201	0.0920286460457227	0.0358788631698555	0.0204265971556815	0.00159629040385708
AACCGTTGTGTTTGCT.1	0.158656237336901	0.0117085661922433	0.602118486867794	0.0275829154070954	0.0490072933997173	0.0176550026792516	0.0117517719736323	0.0150860496424551	0.0380753249545148	0.011265991546868	0.0509647812248897	0.00612757877463736
AACCTCGCTTTAGCCC.1	0.224953189181847	0.0101397671581281	0.447937008021202	0.023028066254088	0.0319118127513018	0.0209424331707719	0.0070335808295524	0.0158749751644882	0.0559700024692188	0.0129173294218187	0.1432760038648	0.00601583171278319
AACCTGTCACGGAATT.1	0.167474535535636	0.0576876155179616	0.6702800247839	0.010766828481711	0.0198579504538129	0.00619204085032727	0.00387642879129796	0.00565815718978147	0.0289557521266114	0.00802311080019636	0.0189213395048319	0.00230621596393265
AACCTTTAAATACGGT.1	0.0661221441345643	0.0040076048387099	0.808022940374234	0.0132401525983115	0.0158298269757805	0.0174090339066029	0.000610781390732148	0.00551120754949144	0.0368721560914567	0.00583487534029661	0.0249750418387555	0.00156423496106495
AACCTTTACGACGTCT.1	0.143356895808871	0.0704104707583216	0.500393003803614	0.0382909800932177	0.052101153394961	0.0315199057166652	0.0219676796986143	0.0187395918792052	0.046130793057974	0.0230672708681593	0.047454927625231	0.00656732729516566
AACGATAATGCCGTAG.1	0.186683798387409	0.0154262985352056	0.578386649569567	0.0163920287839576	0.033736074469068	0.0329022541257506	0.00613517125178074	0.00978281603886668	0.0481213508040831	0.0126800490248576	0.0480229951523405	0.0117305138571135
AACGATAGAAGGGCCG.1	0.0804938776915867	0.00100636019471029	0.792932485034563	0.0155757117962767	0.0267389530724088	0.0111179604492282	0.0126913349337519	0.00594050530985123	0.0180540175719881	0.00943226869085908	0.0252253631122801	0.000791162142495708
AACGATATGTCAACTG.1	0.29196289906783	0.0190507395200707	0.43072682751527	0.0285061282165447	0.059789846114755	0.0269617052873008	0.0155070047169742	0.0153920239257927	0.0384871729125749	0.0154348616470705	0.0512655800767714	0.00691521099904508
AACGCATGATCTGGGT.1	0.164752903179837	0.31323062941995	0.242640694721055	0.0408223520717881	0.072811454893265	0.0213665729068135	0.0180413422548586	0.0178021607611237	0.0459002470594412	0.0160372820814093	0.0404075348495214	0.00618682580093783
AACGCGAACGGCAACA.1	0.12067153298473	0.0182872207338799	0.663071822702959	0.0167684586472712	0.0516398882049152	0.0220411166080193	0.00686560244049009	0.00935619352921014	0.0454136663637017	0.00493505993864456	0.0409494378461788	0
AACGCGACCTTGGGCG.1	0.0919590771062194	0.0143150411053269	0.769549441215303	0.0133290744714377	0.023906260769112	0.0130477646542422	0.00654399155635246	0.00812476474803088	0.0184031507108961	0.0113049638252067	0.0260537171340875	0.00346275270378497
AACGCGGTCTCCAGCC.1	0.0764542600948738	0.0112962623353756	0.631626503078292	0.0241375301028118	0.0714042474676947	0.024479374869828	0.0111622857265125	0.0156625442083024	0.0503285686516606	0.0248345382189988	0.0533700245025505	0.00524386074309923
AACGCTGTTGCTGAAA.1	0.0508749614448849	0.00296472729173236	0.790485217708537	0.0212382702788818	0.0320771929781094	0.0106357458725857	0.0126191176405494	0.00993599696630587	0.020375894802967	0.0103744330875384	0.0346418296103321	0.00377661231757619
AACGGACGTACGTATA.1	0.350603625955526	0.0724446932433191	0.259841342766237	0.0230180468098055	0.0698905338916723	0.0199636993856675	0.0194613682057056	0.0203692692554629	0.0658091298753254	0.0328560683981329	0.0576625646872985	0.00807965752584765
AACGGCCATCTCCGGT.1	0.152218147375638	0.0189179309359951	0.684098245103993	0.0171754635891184	0.0280061112134066	0.0114904345674895	0.00584781052017249	0.0111817530300571	0.0344788465396227	0.0107361848862697	0.022656515297194	0.00319255694104348
AACGTACTGTGGGTAC.1	0.17612710055677	0.0439477481038163	0.497646028458383	0.0282724622122504	0.0576395808390732	0.00864536119454029	0.013247274556965	0.0270449347862436	0.05668469517571	0.0377004094010836	0.0496263109368116	0.00341809377835354
AACGTCAGACTAGTGG.1	0.234928642009983	0.0119552916604137	0.580773088192569	0.0164721746981227	0.0273047678741058	0.0179007102807617	0.0215542697184489	0.0113459962684926	0.0279686396518168	0.00929060191720526	0.0364856051341602	0.0040202125939205
AACGTCGCTGCACTTC.1	0.101438471523094	0.0232203056273337	0.809141932060752	0.0120800786748486	0.011495671282262	0.00844010338076167	0.00518464330584617	0.00448164518610058	0.0104685466942331	0.00313211978169706	0.00924526687286822	0.0016712156102032
AACGTGATGAAGGACA.1	0.461462245701856	0.0163869881875192	0.331246259137413	0.021131135253641	0.0248922434774005	0.0163103738037786	0.0070364041500754	0.00969105419295719	0.0586979656932877	0.00736309047685637	0.0434571274144409	0.00232511251077367
AACGTGCGAAAGTCTC.1	0.0982135501185345	0.0210138929167167	0.614434267331831	0.0258436785349906	0.0443059186982167	0.0396020107083082	0	0.0114391199241494	0.0939086160770732	0.0282110147192965	0.0230279309708832	0
AACTACCCGTTTGTCA.1	0.316854192189374	0.0860458591740347	0.172088695494657	0.0430607592320606	0.0566163962260852	0.0284541500796285	0.0122874331544708	0.0391896296377596	0.104577399766413	0.00729209447744502	0.125414961661522	0.00811842890654919
AACTAGCGTATCGCAC.1	0.100361205656317	0.029791811604896	0.693737681457034	0.019719677142481	0.0295491583277499	0.0176650845726757	0.0152943819331267	0.0126990546429276	0.027250993994353	0.0108435821815328	0.0389686361111949	0.00411873237571143
AACTAGGCTTGGGTGT.1	0.137367418764105	0.0176102675985361	0.738159805726532	0.0103593674987459	0.0244502110272786	0.00743243559105723	0.00410458721957983	0.004363575455896	0.022780403743552	0.00880845687238234	0.0233214963411057	0.00124197416122914
AACTCAAGTTAATTGC.1	0.134185080800065	0.00337898791810444	0.604229314288342	0.019932072931615	0.0204502534666593	0.0566709012876985	0.00584305928501311	0.0131892712941895	0.0563972802635673	0.0166400793812519	0.0643933391763241	0.00469035990717013
AACTCCAGAGCGTGTT.1	0.220249643429897	0.00527859116281983	0.591333326339872	0.024758448957556	0.0326909405725899	0.0182782218290942	0.01338008416764	0.0128767445253069	0.0314843669321483	0.0158150285355899	0.0297980852830802	0.00405651826440592
AACTCCTAATCCCATG.1	0.181572693039535	0.114178405882121	0.426595963427575	0.0400127127128687	0.0557661337828426	0.0308080783172472	0.0162252184834175	0.0200849389361181	0.0495916993637779	0.0138197727925005	0.0379477525955566	0.0133966306664397
AACTCGATGGCGCAGT.1	0.169773452828311	0.0344460780099601	0.599237438652917	0.034309319590702	0.0201388042772869	0.0418343229780852	0	0.0103590163674665	0.0578547412831334	0.00308336163657034	0.0228207803687214	0.00614268400684616
AACTCTCAATAGAGCG.1	0.217388755782331	0.0390795563047019	0.561488075006594	0.0168449557006964	0.0531137264484594	0.0113691931535745	0.0104260567629902	0.014916423315241	0.032175454968545	0.0174566339566618	0.0257411686002047	0
AACTGAGGTCAGCGTC.1	0.127066278001171	0.116442865920899	0.45349324880771	0.0418965955686566	0.0632019625037788	0.0348074002880739	0.0214079726379701	0.0228844574605387	0.048639685950729	0.02483864318665	0.0367639109621519	0.00855697871167069
AACTGATATTAGGCCT.1	0.0931689558065908	0.0571854041069431	0.55732707482343	0.0284899336944251	0.104210872096768	0.022997417281368	0.0140653222050226	0.0148267433308214	0.0553487021457126	0.0189039055804925	0.028704759437221	0.00477090949120419
AACTGGGTCCCGACGT.1	0.115322078804335	0.0137698977004474	0.627306679143754	0.028438807223735	0.0425002563193426	0.0132970939909286	0.0150286863208461	0.015451351770656	0.0633783589276654	0.0155169227224765	0.0449555682654094	0.0050342988104036
AACTGGTGTGGGCCTT.1	0.0616558361149826	0.00918204744152355	0.795435657472228	0.014570359127579	0.0237837818217589	0.00810530380709481	0.00755904920609631	0.00923373044039839	0.0253729056923455	0.0103689902748384	0.0287142754107636	0.0060180631903912
AACTTCTGCGTCTATC.1	0.271740868985485	0.0349934277965827	0.428867026856403	0.015277672094368	0.0532015281136032	0.0207252391370298	0.00610628540357401	0.0107699855306852	0.0685105223971945	0.0171349870507845	0.0681065069100088	0.00456594972428082
AACTTGCCCGTATGCA.1	0.0578595461500211	0.00513600068980175	0.789595917286169	0.0201723328285189	0.0178380267024179	0.00839724102742747	0.0130903771334909	0.00637134125715665	0.0366834858064018	0.00825782682242135	0.0345934765571474	0.00200442773902605
AACTTGCGTTCTCGCG.1	0.157729968347534	0.0115982098619427	0.579647142063553	0.0161056472275995	0.0297333413170591	0.067270478270621	0.0100097517269069	0.0248698964639001	0.0490716684470186	0.0121036885637079	0.0418602077101569	0
AACTTTAGCTGCTGAG.1	0.108818358024547	0.0140432971268138	0.618735586403112	0.0258714070782752	0.0558357153857846	0.0178499504377554	0.00994652776368043	0.0138874584756879	0.0562048590668419	0.0288977284007626	0.0453405190929991	0.00456859274374025
AAGAAGGATCAGTTAG.1	0.152470287829101	0.0513427770451925	0.647118137226161	0.0242290077923464	0.0320358428818644	0.01851706750546	0.006834464731774	0.00645412820771333	0.0409892656278662	0.0031738666091358	0.0142567270441112	0.0025784274992746
AAGACATACGTGGTTT.1	0.0485966503742492	0.00491413019677022	0.845329418641095	0.0103690035344744	0.013852783213092	0.012117319573798	0.00453173431271941	0.00646108687270007	0.0225425557162909	0.00471682035477022	0.0248709457241113	0.00169755148592933
AAGACCCAACTGAACA.1	0.354956932525518	0.00774645987233013	0.314572768328905	0.0258650764234954	0.037880760633203	0.0543846819961486	0.0106769686729941	0.0161124457256434	0.0686449561354616	0.0170109917846656	0.0865443394465054	0.00560361845512934
AAGACTAACCCGTTGT.1	0.106460319225468	0.0115703423758767	0.603361213757759	0.0212565421448891	0.0681519780948765	0.0276235339333791	0.0157113122216744	0.0143191100328199	0.0737836873265748	0.0229627507297028	0.0311322782606352	0.00366693189634512
AAGACTGCAAGCTACT.1	0.0876111189370319	0.00680302185088801	0.782515245407804	0.0142950607223386	0.0184577352081016	0.0129285188011945	0.0051673923540028	0.00763065096114872	0.0223119056767868	0.00863978452285735	0.0311875791519387	0.00245198640590708
AAGAGATGAATCGGTA.1	0.433222491328854	0.0142519645399	0.271663559788819	0.0270606904740508	0.0698723946603296	0.028595374735925	0.00952569372537867	0.0127115228381037	0.054853051884806	0.0332682895011604	0.0413313354756281	0.00364363104704417
AAGAGCTCTTTATCGG.1	0.217383420950823	0.0205335991269136	0.440371983739677	0.0310392267933016	0.026592552929301	0.13279737069172	0	0.0100434539260616	0.0757848002549582	0.00947630421458667	0.0320618583672023	0.00391542900545586
AAGAGGATGTACGCGA.1	0.155345763177186	0.0104062267729451	0.526713372542727	0.0425310032726014	0.0451244775750781	0.0658294021142524	0.00923234398560874	0.0104212662505788	0.0662838778526168	0.0316777928376948	0.0309615894665028	0.00547288415220779
AAGAGGCATGGATCGC.1	0.136182123035405	0.0209947528601137	0.234626253492658	0.0468087288370913	0.0238986537311606	0.163491708512712	0.0100750704742675	0.0393748818483881	0.228918531413388	0.0531556428016083	0.0364175043255053	0.00605614866770203
AAGAGGCCCTTTGGAA.1	0.22977398690979	0.0252724410507582	0.632661234585727	0.0102194736230244	0.0177326578199701	0.00814827233491492	0.0033974771821059	0.00689242979008539	0.0377780694673776	0.00531011834828492	0.0228138388879613	0
AAGATGGCACCGGACC.1	0.145668034028788	0.0150625769762718	0.610938342564991	0.0175247815457796	0.0465246026752896	0.0268502927438636	0.00816820903448271	0.0112489689225008	0.0436339548438356	0.0330692210339514	0.0370466575025039	0.00426435812774196
AAGATTGGCGGAACGT.1	0.127055433757361	0.0618473092891705	0.45933651365306	0.0535319473237685	0.0649234139394811	0.0200116728824593	0.0294337565454723	0.0252968420203589	0.0539860455928636	0.0269887480130941	0.0683957630682074	0.00919255391470306
AAGCACCCTGCGTATC.1	0.192938716654451	0.0156018665532682	0.591154706829561	0.0290383734341469	0.0439538407109019	0.0110377806854315	0.0140132504467292	0.014705792928227	0.0365111815094603	0.0143187040071415	0.0318821663943459	0.00484361984633578
AAGCATACTCTCCTGA.1	0.360593711729121	0.00745450909562913	0.235082214627848	0.0563259395920907	0.0773559137401798	0.0220639686707715	0.00575163102180962	0.0571005462558275	0.0873603895961388	0.0362869003650875	0.0534058872919168	0.00121838801358049
AAGCCGAAGCGGTTTA.1	0.073908214084487	0.0131151672496928	0.639542823527677	0.0196330714471709	0.0303361005283483	0.0138508435936149	0.0032916718232276	0.00775737441857087	0.111794744963029	0.0138856156295618	0.0715640208814826	0.00132035185313738
AAGCCGCCGTGAAATC.1	0.151053228065635	0.0161628558854706	0.713284004924641	0.0150522366851303	0.0142555163035924	0.0116185585311907	0.00564038923301383	0.00520729969427897	0.0246289022167285	0.0147938345497394	0.0243274903268333	0.00397568358374596
AAGCGCAGGGCTTTGA.1	0.0820640927855728	0.00619065815658251	0.822513313589618	0.0106889160899764	0.0137685444283447	0.0101314340512908	0.00219345109311025	0.00505868404207595	0.0198934244312852	0.00311017535589726	0.0207738518154852	0.00361345416076067
AAGCGGCGTCATGGGT.1	0.230004151125623	0.0748713055467234	0.353561479968908	0.0671598791003303	0.0883206258416241	0.0342822085920454	0.0166975873560621	0.0200797428957546	0.0439664300799954	0.0184451332258246	0.0427485652174336	0.00986289104967525
AAGCGTCCCTCATCGA.1	0.205512971338074	0.0104327700935617	0.690466738229321	0.0155632955988022	0.00807054194530166	0.0114695941051877	0.00462845589858622	0.0205623136549881	0.014540085230308	0.00504434098305476	0.0137088929228154	0
AAGCTAGATCGAGTAA.1	0.153837669201044	0.034799451966287	0.549921325712109	0.0340588572515636	0.0404511398501104	0.0177133103956971	0.0231748077598252	0.0156425341325234	0.0236708161142134	0.0150055091755316	0.0816777848958484	0.0100467935452465
AAGCTCGTGCCAAGTC.1	0.0979553894057595	0.00744034443121342	0.757899692771484	0.0155627791130585	0.028284192486654	0.000869964774236824	0.00305528635660946	0.00739356097566182	0.0360434233296195	0.00940480080555218	0.0309895460235469	0.0051010195266038
AAGCTCTTTCATGGTG.1	0.0986612118523058	0.00748597351002905	0.687961401201029	0.00867390428873836	0.0240028400039816	0.0243012158895396	0.00582768938050066	0.00603040151124337	0.0488827990881819	0.00531271454647313	0.0808161561313309	0.00204369259664615
AAGGAGAACTTATAAG.1	0.111078134794117	0.015922554725609	0.703045538686917	0.0191630047768649	0.0349984164999447	0.0155003112380681	0.00630559780063569	0.0111899035619461	0.0425245029434971	0.0136453686392964	0.0217712372236242	0.00485542910947997
AAGGAGCGGTTGGTGC.1	0.105053943510409	0.00554693487937652	0.773351992605277	0.0158532012035185	0.019399256663924	0.00759348364746339	0.00821196075133461	0.0091887871124239	0.0182721331090491	0.00846395613304421	0.0240838531105008	0.00498049727367856
AAGGATCGATCGCTTG.1	0.0926872178132066	0.00905373138579144	0.706507182127333	0.0229598715547847	0.0334508322444079	0.0199385100251723	0.00694743989565334	0.0110801401791507	0.0437469086448378	0.0143411210726816	0.0351564975403818	0.00413054751659848
AAGGATGAGGGACCTC.1	0.114784252941255	0.0325442227863335	0.511098360335014	0.0299675342527311	0.0774511144103859	0.0413692502158768	0.0156419517356021	0.0280404348154125	0.071903902991898	0.014009388287106	0.0557306773552717	0.00745890987311288
AAGGCAGGCTGTCTCC.1	0.645292995635619	0.0491509201666791	0.146515856714766	0.00589454112276552	0.0179612236444927	0.00936843401452719	0.00516483949900748	0.00760230659617265	0.0180264169107858	0.00991717041668979	0.082189972054595	0.00291532322390011
AAGGCGCGTAAAGCTT.1	0.17407076920275	0.0323986982804839	0.630961240475578	0.0213310756526385	0.0337991776883738	0.0180708139540394	0.00957151735054999	0.0111118511523953	0.0277339210306724	0.0126097935232232	0.0239950267227238	0.0043461149665712
AAGGCTGTGCTCATCG.1	0.183446087337435	0.0142674924201846	0.546996181527371	0.0188507890059965	0.0570131270284399	0.0155063364152711	0.0107095416193479	0.0163282632922	0.070854417759877	0.0143531777481621	0.0475897362003266	0.00408484964538785
AAGGGAACGACTGGCT.1	0.234181629905111	0.00310149317045178	0.560423272719898	0.0295096197553976	0.0556056550635111	0.0215260962251391	0.00710145594605423	0.0102955944157004	0.0424346816781422	0.0104966378390273	0.020781877431827	0.00454198584974031
AAGGGACAGATTCTGT.1	0.0691292065982778	0.085086240866502	0.55022518737325	0.0403347055216729	0.069526299377988	0.0171346416913581	0.0174983079232095	0.0208465011152342	0.061557174386253	0.0204774698007824	0.0408322092103475	0.00735205613512471
AAGGGACTATGCATTC.1	0.214967522413208	0.00218006127628188	0.629068020699252	0.0135413105660094	0.0272110966105638	0.0152910278493784	0.00605349532814586	0.0149758800426321	0.0233271506454748	0.00666782427724197	0.0428850231304972	0.00383158716131455
AAGGTATCCTAATATA.1	0.292101645776967	0.0564884388512258	0.286643482993884	0.0485341806178623	0.084200448424632	0.0196840156134485	0.0132098625025551	0.0212021718292258	0.0932618053557034	0.0214747897977387	0.0480677399810612	0.015131418255697
AAGGTGATAAACCAGC.1	0.500869767976613	0.0103882323336136	0.211703386980341	0.00913258998908154	0.0530719542744974	0.024492247413048	0.00920438135681903	0.0221180719350488	0.0400007097270125	0.00924523077084813	0.109773427243077	0
AAGTAGAAGACCGGGT.1	0.101300089737833	0.0056272246964018	0.734929702147657	0.0135539920497075	0.035238890734428	0.00762096504322811	0.00461215783714517	0.00740776536329527	0.0537506488968305	0.00789111226325469	0.0254513433093907	0.00261610792082827
AAGTAGTGACGCGAGG.1	0.0678426129281948	0.00514597385793483	0.793342335257379	0.0147474412317729	0.031083942281209	0.0061276738326748	0.00502107042591911	0.00787389516694406	0.0379799168778353	0.00768098099319259	0.019621598495894	0.00353255865104939
AAGTCAATTGTCGTCA.1	0.0911679311210854	0.0108188015478333	0.786120252694604	0.00848013989254817	0.013207882268571	0.00820158349856481	0.00495252229845774	0.00590025161847883	0.013524015702065	0.00745405339223964	0.0477747932996712	0.00239777266588132
AAGTGACGACCGAATT.1	0.111612074622558	0.00765141634859102	0.728989380639043	0.0167473580547006	0.0301444499665889	0.0221296397500437	0.00521983823562719	0.00673224400797039	0.0392785811302554	0.00640682601400121	0.0197886515599539	0.00529953967066662
AAGTGAGTCGGGTTTA.1	0.244546809190514	0.0105232989568641	0.490378733427332	0.0314819499402551	0.0494774649558187	0.0222474871503882	0.00850304554304531	0.0315139824315748	0.0601066821289492	0.0221089065461953	0.0237680236005363	0.00534361612852703
AAGTGCCTTGACTGTA.1	0.078719817478732	0.00138517293592975	0.830189497915851	0.00760280199615754	0.0243737267649447	0.00287033465680017	0.0043959351330649	0.00620178445520739	0.0150779250088705	0.00388027102818667	0.0230583506301338	0.00224438199612208
